10010100101
100100100000
101111101110
101011110001
110011010001
1110101000
110001111011
1010001011
10110010011
10111011101
10111110101
100010011111
110001100010
11101011111
10100000001
100011001011
111100100
1111111000
101111001
101100010110
11111010001
1100011110
110010010100
10100101100
11011101100
101001000101
10101111
10011110000
11111011010
100010001101
110011111101
101100000001
100101110100
11001011001
11100110010
10100010010
100011101000
11000010111
1110000000
10011100110
10010100010
100101001111
101110110111
1101011111
111101101
11110000001
1111111110
101011011001
10111110
101111110111
10101010
11111000000
11000111000
10101100101
11110111100
10001011000
100001000101
11010000011
10101011010
1000100000
101011100011
10010000111
101111100111
101111010111
110001000001
100100011010
100010000010
1101110
10000100011
11111001
1011101001
100001110110
11100100100
11010010010
1101110011
100000111111
100111100001
110011100
110001100000
100101101
11111010010
11110010010
110011010010
1001100101
10110001001
101010111
10111011011
1001010000
100000
101101011111
100110000110
101010101011
100100101001
10001111
1001010111
110000111000
11100010101
10000101000
11011001
101101011000
1110101001
10111100100
1110011011
1001110011
10000011111
1011011110
11010010010
101001101
11101001001
10000100010
1100100
101000100110
101111000111
11000111110
100011110000
111100010
100000011
100101111011
11110001100
101111001111
1100010000
11100110010
11011001000
11010100011
100101011011
11101010011
110111011
10000001111